0  0.33962348103523254 0.8173638966457903 0.0069626569747924805 0.023080200531594354
0  0.1553351879119873 0.8373475298080234 0.00729677081108096 0.023987152688102618
0  0.3489489257335663 0.7683471175264721 0.004726529121398926 0.008484054859676309
0  0.5175450444221497 0.9816569178557593 0.004126310348510742 0.01246613641744146
0  0.5200135111808777 0.9816570859966856 0.0036389827728271484 0.011991306441546144
0  0.8517956137657166 0.7346958128873967 0.004566550254821777 0.006793902268422865
0  0.9872737526893614 0.7639276173489153 0.005792319774627908 0.009577727514850207
0  0.5416767721414667 0.6264804815297431 0.003440691265862439 0.0067195191155303025
0  0.5464408062018915 0.6253605616771548 0.0031760227069498326 0.007092825733059772
0  0.5519988459390538 0.6268537881472726 0.003440691265862439 0.007279479041824586
0  0.5575568856762161 0.6279737079998611 0.0035730255453186865 0.0067195191155303025
0  0.5621885854571848 0.6270404414560373 0.004367031222056061 0.007652785659354055
0  0.1451707121189132 0.8368733723958331 0.006721310987294532 0.022900788891140264
0  0.27998197482466375 0.8327893570717132 0.01238648855710478 0.006868841762542091
0  0.34901831499889374 0.830283228077259 0.00955347630250536 0.026280785874074373
0  0.3522414100429081 0.811781719893431 0.008184822250657031 0.022400786214120044
0  0.4627100568947786 0.8596412037677487 0.008786996155894622 0.02956588410833355
0  0.47340266667484315 0.8615823981789019 0.008575261308764848 0.028520625579251033
0  0.5281415057974078 0.8261580811203743 0.006987249955289765 0.025235527344991855
0  0.5354463580233926 0.8115244617132193 0.007093117378854763 0.025534172639015276
0  0.549526725357537 0.8197372072988676 0.006034443143204893 0.027624689697180307
0  0.5532320851823118 0.8257101131793391 0.006881382531724878 0.025534172639015276
0  0.5855123139228464 0.8221648963157588 0.008892863579459731 0.014334974113131333
0  0.6262233937115286 0.7937835168754817 0.006030208446262342 0.02417832300414822
0  0.6322536021577909 0.7971283441685456 0.005081636331119688 0.020164530252471623
0  0.6379450348486452 0.8081184909886131 0.005691432690854037 0.021215761687434387
0  0.6761589400586664 0.7830800695376767 0.006640004805996358 0.023796057027798224
0  0.6702642419145671 0.8013332699083975 0.005826942993017559 0.013188176184081033
0  0.6441107535970699 0.8068761265654752 0.004742860575711938 0.024178323004148534
0  0.6577295389644714 0.7902475565942431 0.010569803568729164 0.022744825592835152
0  0.6472274905468236 0.7987529745680342 0.004675105424630233 0.02217142662831008
0  0.6519025959714538 0.7987529745680342 0.004742860575711938 0.021502461169697312
0  0.6550193329212074 0.7998042060029973 0.006775515108159658 0.015386205548094408
0  0.7124463963540129 0.7721408457722434 0.0066696476845947705 0.01985991205256749
0  0.7379604454331768 0.7622855510694654 0.0066696476845947705 0.017769394994402457
0  0.8412022400373327 0.7754550988160543 0.00533943876555476 0.017734547525227462
0  0.8610098354579396 0.7363419186576763 0.0053394387655550934 0.011661072345354798
0  0.9203841161548035 0.7992360552814148 0.006889598407168074 0.022471858165527974
0  0.928027781107636 0.8106709304704824 0.005555772155539818 0.022886797989816823
0  0.9361409721919166 0.7963666817268469 0.00696676190932799 0.025250108651808822
0  0.9408148757513392 0.8079344654934392 0.006437640751657647 0.024255030478338376
0  0.9448714712934796 0.8024615355393525 0.004938464138258047 0.016916328948995085
0  0.9532492229565956 0.7994763010189416 0.005379398436316407 0.02375749139160315
0  0.9598632374274765 0.7984812228454714 0.006525827611269519 0.024255030478338376
0  0.9798816545593427 0.8208704817485533 0.005908519593987305 0.024752569565073754
0  0.98579017415333 0.8228606380954936 0.005203024717093774 0.020647872099508788
0  0.9908873746388897 0.8219146030443051 0.005220662089014616 0.025872032510227537
0  0.9512526724549865 0.8246112648944096 0.005432310552083597 0.025474001240839608
0  0.9968276415023369 0.8218250460086929 0.0031723584976630637 0.023583352711246012
0  0.9803580223375947 0.8024017366922387 0.006614014470880836 0.014304248743635476
0  0.14814847849066837 0.7593242582713885 0.004673903559422543 0.008085010159445969
0  0.2721919606937495 0.7913283857783048 0.011146819054924817 0.016120266410218603
0  0.1402649974408424 0.8375507629859299 0.008395389035038281 0.026071048144921814
0  0.2705117303861087 0.8982602247984183 0.011298941387755057 0.02993008568641121
0  0.23923295361756708 0.8341243268989661 0.009507645801891507 0.025848710365536893
0  0.31584528790527244 0.8158553135579099 0.007302974311597765 0.029347032069143207
0  0.8388854528522647 0.5774987455672753 0.013404402660985859 0.009702012191335287
0  0.28056912746563994 0.4473539359339812 0.004133759044300689 0.010883667522331442
0  0.07837928865953209 0.4954737957474998 0.004133759044300633 0.007579697024480791
0  0.7712278936347452 0.31700581995710275 0.02556686908909922 0.01100817376351873
0  0.6989098378931993 0.7709887804843649 0.00606284659830747 0.022933442279198114
0  0.5071938945161941 0.8580347180205434 0.0070549487689396395 0.011940938081643634
0  0.6520800144449974 0.7230740396941036 0.007578558247884559 0.01651985248925302
0  0.6691419326603886 0.7344468787121228 0.003968408682528568 0.013557940113532797
0  0.6624397313298958 0.7244960969774199 0.0030865400864110715 0.010323936049754316
0  0.659658572692882 0.7274813314978309 0.002781158637013781 0.011443398994908255
0  0.6655262714163068 0.7244960969774199 0.002535923381710825 0.00993568895908525
0  0.7177896173471577 0.7567441266042152 0.006878575049716229 0.015548096460473221
0  0.7139093955242409 0.761470747928199 0.004585716699810782 0.013557940113532797
0  0.44524879514689925 0.8263763614917166 0.016362796217023523 0.02162157164034557
0  0.5581154108692881 0.657742461477186 0.01366896323982092 0.010572705593121772
0  0.34824481240666993 0.9717377005888276 0.3071677451468392 0.028262299411172538
0  0.018317764070211153 0.4000219352016837 0.0047428605757118755 0.007286945174175207
0  0.9944377939131973 0.8176054106345326 0.0033303011859628917 0.004219635374160273
0  0.9878215955570849 0.818137769523837 0.0030657790818047204 0.004853860461303871
0  0.8210850559971355 0.7489363331031345 0.027017366493787054 0.031775859284108046
0  0.9088690002744366 0.7360479221329295 0.0156683786876195 0.01230418611377111
0  0.6680621947980177 0.7242304121641959 0.006458149951494518 0.01020137377230929
0  0.6758385889689559 0.7172334157330823 0.0101643567446571 0.01140070047866744
