0  0.0 0.3706022198353026 0.009938238453276094 0.04509559613319009
0  0.0 0.2030519155030434 0.012825456498388874 0.03556319369853203
0  0.0903678839957036 0.14989044038668103 0.029697099892588598 0.031530254206946016
0  0.24957733619763697 0.15758968850698174 0.010517722878625098 0.03079699248120307
0  0.31948925886143925 0.13412531328320806 0.011342642320085913 0.032263515932688884
0  0.41621106337271746 0.11066093805943435 0.011548872180451161 0.042529180093089806
0  0.46467508055853923 0.019736484067311193 0.011136412459720782 0.028963838166845685
0  0.4797298603651988 0.03806802721088441 0.012373791621911856 0.025664160401002507
0  0.4879790547798067 0.06959828141783032 0.013198711063372729 0.023831006086645228
0  0.533143394199785 0.05273326172574299 0.008867883995703648 0.03263014679556032
0  0.5331433941997854 0.14145793054063732 0.025572502685284406 0.028963838166845755
0  0.5659339419978515 0.067765127103473 0.00907411385606937 0.030430361618331528
0  0.5962497314715365 0.06189903329752957 0.024541353383458288 0.03263014679556034
0  0.6696675617615468 0.011670605084138964 0.011342642320085972 0.019798066595059078
0  0.7346299677765848 0.0 0.035677765843179186 0.023769423558897305
0  0.2096102297744363 0.22625715328320817 0.01574553435016114 0.04312939881131399
